503 0134307003
503 1259915670
503 1305666127
503 1285867971
503 1337274208
503 0495914428
503 0314283587
503 1634593030
503 1634592247
503 1634603281
503 1259813436
503 0134564480
503 0134167872
503 1305652223
503 1305652223
503 131905062X
503 1260153126
503 1337102083
503 0134292383
503 1285868579
503 1305635116
503 0134463218
503 1337568031
503 1259756882
503 1337111341
503 128410995X
503 0078118085
503 1305859456
503 0134461126
503 0205962823
503 0078026989
503 1305957369
503 1337399523
503 1133104053
503 1305964810
503 0133865649
503 1337564842
503 1450434339
503 0198566719
503 0521783860
503 0813542154
503 1260189678
